./load2.x 2   0 1749506385  98059058
./load2.x 2    1 1749506386 105286960
./load2.x 2    2 1749506387 102473693
./load2.x 2    3 1749506388  99604522
./load2.x 2    4 1749506389  96373438
./load2.x 2    5 1749506390  96082411
./load2.x 2    6 1749506391  92625596
./load2.x 2    7 1749506392  18528164
./load2.x 2    8 1749506392 828444275
./load2.x 2    9 1749506393 661964115
./load2.x 2   10 1749506394 501767523
./load5.x 5   0 1749506385  98461598
./load5.x 5    1 1749506386 100504889
./load5.x 5    2 1749506387  99192188
./load5.x 5    3 1749506388  96506301
./load5.x 5    4 1749506389  93049954
./load5.x 5    5 1749506390  91460437
./load5.x 5    6 1749506391  89861814
./load5.x 5    7 1749506392  17418404
./load5.x 5    8 1749506392 829250331
./load5.x 5    9 1749506393 666091348
./load5.x 5   10 1749506394 507132548
./load1.x 1   0 1749506385  97418542
./load1.x 1    1 1749506386 105731479
./load1.x 1    2 1749506387 114506857
./load1.x 1    3 1749506388 116587671
./load1.x 1    4 1749506389 112848014
./load1.x 1    5 1749506390 109636740
./load1.x 1    6 1749506391 106814151
./load1.x 1    7 1749506392  33926988
./load1.x 1    8 1749506392 846998524
./load1.x 1    9 1749506393 680533868
./load1.x 1   10 1749506394 520263513
./load4.x 4   0 1749506385  98473193
./load4.x 4    1 1749506386 104601532
./load4.x 4    2 1749506387 101392710
./load4.x 4    3 1749506388 100227575
./load4.x 4    4 1749506389  98893728
./load4.x 4    5 1749506390  99907410
./load4.x 4    6 1749506391  96940235
./load4.x 4    7 1749506392  22125384
./load4.x 4    8 1749506392 840335286
./load4.x 4    9 1749506393 680914126
./load4.x 4   10 1749506394 526282253
./load3.x 3   0 1749506385  98347744
./load3.x 3    1 1749506386 106293624
./load3.x 3    2 1749506387 103093533
./load3.x 3    3 1749506388 103270964
./load3.x 3    4 1749506389 106970852
./load3.x 3    5 1749506390 109796554
./load3.x 3    6 1749506391 112534499
./load3.x 3    7 1749506392  37084230
./load3.x 3    8 1749506392 848503210
./load3.x 3    9 1749506393 686515100
./load3.x 3   10 1749506394 527438741
