./load3.x 3   0 1749506479 488256747
./load3.x 3    1 1749506480 487143276
./load3.x 3    2 1749506481 492678289
./load3.x 3    3 1749506482 496639696
./load3.x 3    4 1749506483 497599806
./load3.x 3    5 1749506484 504987189
./load3.x 3    6 1749506485 513047487
./load3.x 3    7 1749506486 519030997
./load3.x 3    8 1749506487 412865202
./load3.x 3    9 1749506488 280362930
./load3.x 3   10 1749506489 135965669
./load2.x 2   0 1749506479 487804621
./load2.x 2    1 1749506480 498288223
./load2.x 2    2 1749506481 508241748
./load2.x 2    3 1749506482 510556836
./load2.x 2    4 1749506483 512717980
./load2.x 2    5 1749506484 519754934
./load2.x 2    6 1749506485 525308317
./load2.x 2    7 1749506486 524431779
./load2.x 2    8 1749506487 419076080
./load2.x 2    9 1749506488 284934337
./load2.x 2   10 1749506489 138717397
./load1.x 1   0 1749506479 487542272
./load1.x 1    1 1749506480 491317602
./load1.x 1    2 1749506481 493444731
./load1.x 1    3 1749506482 494567027
./load1.x 1    4 1749506483 496059449
./load1.x 1    5 1749506484 500235572
./load1.x 1    6 1749506485 504716373
./load1.x 1    7 1749506486 513074504
./load1.x 1    8 1749506487 405412148
./load1.x 1    9 1749506488 274531118
./load1.x 1   10 1749506489 139378857
./load4.x 4   0 1749506479 488371577
./load4.x 4    1 1749506480 491144449
./load4.x 4    2 1749506481 495262874
./load4.x 4    3 1749506482 503329316
./load4.x 4    4 1749506483 503059682
./load4.x 4    5 1749506484 513732712
./load4.x 4    6 1749506485 523372621
./load4.x 4    7 1749506486 528877321
./load4.x 4    8 1749506487 425101581
./load4.x 4    9 1749506488 287010846
./load4.x 4   10 1749506489 141756969
./load5.x 5   0 1749506479 488352090
./load5.x 5    1 1749506480 487081321
./load5.x 5    2 1749506481 491452247
./load5.x 5    3 1749506482 501627330
./load5.x 5    4 1749506483 513024264
./load5.x 5    5 1749506484 524554466
./load5.x 5    6 1749506485 541792224
./load5.x 5    7 1749506486 553233997
./load5.x 5    8 1749506487 451954340
./load5.x 5    9 1749506488 315022028
./load5.x 5   10 1749506489 166221270
